package_type,package_name,version,actual_label,MLP,NB,SVM
malware,@douinfe##semi-animation-styled,9.3.5,malware,malicious,malicious,malicious
